b=45;
k1=0.5;
k2=0.6;
m1=150;
m2=20;
