b=40;
k1=0.4;
k2=0.6;
m1=200;
m2=20;
